Miniature Garden
-34.0 -21.0 -18.0
18.0 -46.25 6.0
29.0 -44.0 2.0
ComputerSize 2.0 1.5 1.5
DoorSize 4.0 8.0 1.5

Box 0 0 0 100 100 100 0,0,0,64
Box 0 0 0 200 200 200 230,41,55,36

Plane 0 -50 0 100 100 168,194,150,255
Plane 0 -50 75 100 50 160,186,142,255

Box -49.0 -12.0 0.0 1.0 76.0 92.0 135,206,235,36
Box 49.0 -12.0 0.0 1.0 76.0 92.0 135,206,235,36

Box -39.0 -14.0 -49.0 0.9 28.0 0.5 103,140,112,255
Box -17.0 -14.0 -49.0 0.9 28.0 0.5 103,140,112,255
Box -28.0 -28.0 -49.0 22.0 0.9 0.5 103,140,112,255
Box -28.0 -14.0 -49.0 20.4 26.4 0.18 180,230,205,46
Sphere -35.33 -0.9 -49.0 0.95 103,140,112,255
Sphere -31.66 -0.9 -49.0 0.95 103,140,112,255
Sphere -28.00 -0.9 -49.0 0.95 103,140,112,255
Sphere -24.33 -0.9 -49.0 0.95 103,140,112,255
Sphere -20.66 -0.9 -49.0 0.95 103,140,112,255
Box -28.0 -0.2 -49.0 20.0 0.55 0.45 103,140,112,255

Box -11.0 -14.0 -49.0 0.9 28.0 0.5 103,140,112,255
Box 11.0 -14.0 -49.0 0.9 28.0 0.5 103,140,112,255
Box 0.0 -28.0 -49.0 22.0 0.9 0.5 103,140,112,255
Box 0.0 -14.0 -49.0 20.4 26.4 0.18 180,230,205,46
Sphere -7.33 -0.9 -49.0 0.95 103,140,112,255
Sphere -3.66 -0.9 -49.0 0.95 103,140,112,255
Sphere 0.00 -0.9 -49.0 0.95 103,140,112,255
Sphere 3.66 -0.9 -49.0 0.95 103,140,112,255
Sphere 7.33 -0.9 -49.0 0.95 103,140,112,255
Box 0.0 -0.2 -49.0 20.0 0.55 0.45 103,140,112,255

Box 17.0 -14.0 -49.0 0.9 28.0 0.5 103,140,112,255
Box 39.0 -14.0 -49.0 0.9 28.0 0.5 103,140,112,255
Box 28.0 -28.0 -49.0 22.0 0.9 0.5 103,140,112,255
Box 28.0 -14.0 -49.0 20.4 26.4 0.18 180,230,205,46
Sphere 20.66 -0.9 -49.0 0.95 103,140,112,255
Sphere 24.33 -0.9 -49.0 0.95 103,140,112,255
Sphere 28.00 -0.9 -49.0 0.95 103,140,112,255
Sphere 31.66 -0.9 -49.0 0.95 103,140,112,255
Sphere 35.33 -0.9 -49.0 0.95 103,140,112,255
Box 28.0 -0.2 -49.0 20.0 0.55 0.45 103,140,112,255

Box 0.0 8.5 -24.0 100.0 1.0 1.1 106,138,108,255
Box 0.0 8.5 0.0 100.0 1.0 1.1 106,138,108,255
Box 0.0 8.5 24.0 100.0 1.0 1.1 106,138,108,255
Box -28.0 8.5 0.0 1.1 1.0 92.0 106,138,108,255
Box 0.0 8.5 0.0 1.1 1.0 92.0 106,138,108,255
Box 28.0 8.5 0.0 1.1 1.0 92.0 106,138,108,255

Box -12.0 -38.0 -36.0 4.2 24.0 4.2 110,112,118,255
Box 12.0 -38.0 -36.0 4.2 24.0 4.2 110,112,118,255
Box 0.0 -23.0 -36.0 16.0 4.0 4.6 110,112,118,255
Box -7.5 -26.0 -36.0 6.0 4.0 4.6 110,112,118,255
Box 7.5 -26.0 -36.0 6.0 4.0 4.6 110,112,118,255
Box -9.8 -29.5 -36.0 4.0 10.0 4.2 110,112,118,255
Box 9.8 -29.5 -36.0 4.0 10.0 4.2 110,112,118,255
Box 0.0 -20.4 -36.0 12.0 0.45 3.8 120,155,105,255
Box -7.8 -24.4 -36.0 3.2 0.35 3.5 120,155,105,255
Box 7.8 -24.4 -36.0 3.2 0.35 3.5 120,155,105,255

Box 0.0 6.5 -12.0 36.0 0.3 0.3 140,115,85,255
Box 26.0 5.8 16.0 18.0 0.3 0.3 140,115,85,255

Box -14.0 6.65 -12.0 0.22 1.6 0.22 95,70,46,255
Box -14.0 5.7 -12.0 1.8 0.18 0.18 95,70,46,255
Box -14.0 5.15 -12.0 1.4 1.0 1.4 80,65,45,255
Box -14.0 5.15 -12.0 0.9 0.65 0.9 255,230,175,220
Box -14.0 7.25 -12.0 0.8 0.18 0.8 95,70,46,255

Box 0.0 6.65 -12.0 0.22 1.6 0.22 95,70,46,255
Box 0.0 5.7 -12.0 1.8 0.18 0.18 95,70,46,255
Box 0.0 5.15 -12.0 1.4 1.0 1.4 80,65,45,255
Box 0.0 5.15 -12.0 0.9 0.65 0.9 255,230,175,220
Box 0.0 7.25 -12.0 0.8 0.18 0.8 95,70,46,255

Box 14.0 6.65 -12.0 0.22 1.6 0.22 95,70,46,255
Box 14.0 5.7 -12.0 1.8 0.18 0.18 95,70,46,255
Box 14.0 5.15 -12.0 1.4 1.0 1.4 80,65,45,255
Box 14.0 5.15 -12.0 0.9 0.65 0.9 255,230,175,220
Box 14.0 7.25 -12.0 0.8 0.18 0.8 95,70,46,255

Box 20.0 5.95 16.0 0.22 1.6 0.22 95,70,46,255
Box 20.0 5.0 16.0 1.8 0.18 0.18 95,70,46,255
Box 20.0 4.45 16.0 1.4 1.0 1.4 80,65,45,255
Box 20.0 4.45 16.0 0.9 0.65 0.9 255,230,175,220
Box 20.0 6.55 16.0 0.8 0.18 0.8 95,70,46,255

Box 32.0 5.95 16.0 0.22 1.6 0.22 95,70,46,255
Box 32.0 5.0 16.0 1.8 0.18 0.18 95,70,46,255
Box 32.0 4.45 16.0 1.4 1.0 1.4 80,65,45,255
Box 32.0 4.45 16.0 0.9 0.65 0.9 255,230,175,220
Box 32.0 6.55 16.0 0.8 0.18 0.8 95,70,46,255

CylinderEx -34.0 5.6 -6.0 -34.0 3.9 -6.0 0.05 0.05 6 180,155,120,255
CylinderEx -34.6 5.5 -5.8 -34.3 3.95 -5.9 0.05 0.05 6 180,155,120,255
CylinderEx -33.4 5.5 -6.2 -33.7 3.95 -6.1 0.05 0.05 6 180,155,120,255
Box -34.0 3.45 -6.0 2.0 1.2 2.0 175,88,88,255
Sphere -34.0 4.35 -6.0 0.85 green
Sphere -34.55 4.1 -5.85 0.55 green
Sphere -33.45 4.1 -6.1 0.55 green
Sphere -34.0 4.7 -6.0 0.18 yellow
Sphere -34.45 4.45 -5.95 0.14 yellow
Sphere -33.55 4.4 -6.05 0.14 yellow

CylinderEx -6.0 6.2 -18.0 -6.0 4.5 -18.0 0.05 0.05 6 180,155,120,255
CylinderEx -6.6 6.1 -17.8 -6.3 4.55 -17.9 0.05 0.05 6 180,155,120,255
CylinderEx -5.4 6.1 -18.2 -5.7 4.55 -18.1 0.05 0.05 6 180,155,120,255
Box -6.0 4.15 -18.0 2.0 1.2 2.0 90,120,180,255
Sphere -6.0 5.05 -18.0 0.85 lime
Sphere -6.55 4.8 -17.85 0.55 lime
Sphere -5.45 4.8 -18.1 0.55 lime
Sphere -6.0 5.4 -18.0 0.18 pink
Sphere -6.45 5.15 -17.95 0.14 pink
Sphere -5.55 5.1 -18.05 0.14 pink

CylinderEx 18.0 5.9 10.0 18.0 4.2 10.0 0.05 0.05 6 180,155,120,255
CylinderEx 17.4 5.8 10.2 17.7 4.25 10.1 0.05 0.05 6 180,155,120,255
CylinderEx 18.6 5.8 9.8 18.3 4.25 9.9 0.05 0.05 6 180,155,120,255
Box 18.0 3.85 10.0 2.0 1.2 2.0 160,110,70,255
Sphere 18.0 4.75 10.0 0.85 green
Sphere 17.45 4.5 10.15 0.55 green
Sphere 18.55 4.5 9.9 0.55 green
Sphere 18.0 5.1 10.0 0.18 orange
Sphere 17.55 4.85 10.05 0.14 orange
Sphere 18.45 4.8 9.95 0.14 orange

CylinderEx 38.0 6.2 -8.0 38.0 4.5 -8.0 0.05 0.05 6 180,155,120,255
CylinderEx 37.4 6.1 -7.8 37.7 4.55 -7.9 0.05 0.05 6 180,155,120,255
CylinderEx 38.6 6.1 -8.2 38.3 4.55 -8.1 0.05 0.05 6 180,155,120,255
Box 38.0 4.15 -8.0 2.0 1.2 2.0 175,88,88,255
Sphere 38.0 5.05 -8.0 0.85 green
Sphere 37.45 4.8 -7.85 0.55 green
Sphere 38.55 4.8 -8.1 0.55 green
Sphere 38.0 5.4 -8.0 0.18 pink
Sphere 37.55 5.15 -7.95 0.14 pink
Sphere 38.45 5.1 -8.05 0.14 pink

CylinderEx -42.0 9.05 -17.55 -41.88 7.95 -17.47 0.10 0.07 6 darkgreen
Sphere -41.72 8.5 -17.55 0.18 green
Sphere -42.25 8.42 -17.55 0.16 green
CylinderEx -41.53 6.85 -17.72 -41.41 5.75 -17.64 0.10 0.07 6 darkgreen
Sphere -41.25 6.3 -17.72 0.18 green
Sphere -41.78 6.22 -17.72 0.16 green
CylinderEx -40.86 4.65 -18.14 -40.74 3.55 -18.06 0.10 0.07 6 darkgreen
Sphere -40.58 4.1 -18.14 0.18 green
Sphere -41.11 4.02 -18.14 0.16 green

CylinderEx -16.0 9.05 10.45 -15.88 7.95 10.53 0.10 0.07 6 darkgreen
Sphere -15.72 8.5 10.45 0.18 green
Sphere -16.25 8.42 10.45 0.16 green
CylinderEx -15.18 7.25 10.04 -15.06 6.15 10.12 0.10 0.07 6 darkgreen
Sphere -14.90 6.7 10.04 0.18 green
Sphere -15.43 6.62 10.04 0.16 green
CylinderEx -14.57 5.45 9.64 -14.45 4.35 9.72 0.10 0.07 6 darkgreen
Sphere -14.29 4.9 9.64 0.18 green
Sphere -14.82 4.82 9.64 0.16 green

CylinderEx 8.0 9.05 -15.55 8.12 7.95 -15.47 0.10 0.07 6 darkgreen
Sphere 8.28 8.5 -15.55 0.18 green
Sphere 7.75 8.42 -15.55 0.16 green
CylinderEx 8.41 7.05 -15.91 8.53 5.95 -15.83 0.10 0.07 6 darkgreen
Sphere 8.69 6.5 -15.91 0.18 green
Sphere 8.16 6.42 -15.91 0.16 green
CylinderEx 8.67 5.05 -16.18 8.79 3.95 -16.10 0.10 0.07 6 darkgreen
Sphere 8.95 4.5 -16.18 0.18 green
Sphere 8.42 4.42 -16.18 0.16 green

CylinderEx 30.0 9.05 14.45 30.12 7.95 14.53 0.10 0.07 6 darkgreen
Sphere 30.28 8.5 14.45 0.18 green
Sphere 29.75 8.42 14.45 0.16 green
CylinderEx 30.48 6.85 14.11 30.60 5.75 14.19 0.10 0.07 6 darkgreen
Sphere 30.76 6.3 14.11 0.18 green
Sphere 30.23 6.22 14.11 0.16 green
CylinderEx 30.79 4.65 13.77 30.91 3.55 13.85 0.10 0.07 6 darkgreen
Sphere 31.07 4.1 13.77 0.18 green
Sphere 30.54 4.02 13.77 0.16 green

CylinderEx 44.0 9.05 -3.55 44.12 7.95 -3.47 0.10 0.07 6 darkgreen
Sphere 44.28 8.5 -3.55 0.18 green
Sphere 43.75 8.42 -3.55 0.16 green
CylinderEx 44.35 7.45 -3.84 44.47 6.35 -3.76 0.10 0.07 6 darkgreen
Sphere 44.63 6.9 -3.84 0.18 green
Sphere 44.10 6.82 -3.84 0.16 green
CylinderEx 44.54 5.85 -4.11 44.66 4.75 -4.03 0.10 0.07 6 darkgreen
Sphere 44.82 5.3 -4.11 0.18 green
Sphere 44.29 5.22 -4.11 0.16 green

Box -36.0 -32.0 -34.0 16.0 0.8 3.0 120,95,70,255
Box 34.0 -30.0 -30.0 14.0 0.8 3.0 120,95,70,255

Box -42.0 -32.1 -34.0 2.4 1.8 2.4 150,104,72,255
CylinderEx -42.0 -31.5 -34.0 -42.0 -28.4 -34.0 0.16 0.12 6 darkgreen
Sphere -42.0 -28.2 -34.0 1.0 green
Sphere -42.8 -28.6 -33.8 0.75 green
Sphere -41.2 -28.65 -34.1 0.75 green
Sphere -41.9 -28.8 -34.9 0.7 green
Sphere -42.0 -27.7 -34.0 0.23 pink
Sphere -42.7 -28.15 -33.9 0.18 pink
Sphere -41.3 -28.2 -34.1 0.18 pink

Box -36.0 -32.1 -34.0 2.4 1.8 2.4 150,104,72,255
CylinderEx -36.0 -31.5 -34.0 -36.0 -28.4 -34.0 0.16 0.12 6 darkgreen
Sphere -36.0 -28.2 -34.0 1.0 lime
Sphere -36.8 -28.6 -33.8 0.75 lime
Sphere -35.2 -28.65 -34.1 0.75 lime
Sphere -35.9 -28.8 -34.9 0.7 lime
Sphere -36.0 -27.7 -34.0 0.23 yellow
Sphere -36.7 -28.15 -33.9 0.18 yellow
Sphere -35.3 -28.2 -34.1 0.18 yellow

Box 28.0 -30.1 -30.0 2.4 1.8 2.4 150,104,72,255
CylinderEx 28.0 -29.5 -30.0 28.0 -26.4 -30.0 0.16 0.12 6 darkgreen
Sphere 28.0 -26.2 -30.0 1.0 green
Sphere 27.2 -26.6 -29.8 0.75 green
Sphere 28.8 -26.65 -30.1 0.75 green
Sphere 28.1 -26.8 -30.9 0.7 green
Sphere 28.0 -25.7 -30.0 0.23 orange
Sphere 27.3 -26.15 -29.9 0.18 orange
Sphere 28.7 -26.2 -30.1 0.18 orange

Box 36.0 -30.1 -30.0 2.4 1.8 2.4 150,104,72,255
CylinderEx 36.0 -29.5 -30.0 36.0 -26.4 -30.0 0.16 0.12 6 darkgreen
Sphere 36.0 -26.2 -30.0 1.0 lime
Sphere 35.2 -26.6 -29.8 0.75 lime
Sphere 36.8 -26.65 -30.1 0.75 lime
Sphere 36.1 -26.8 -30.9 0.7 lime
Sphere 36.0 -25.7 -30.0 0.23 pink
Sphere 35.3 -26.15 -29.9 0.18 pink
Sphere 36.7 -26.2 -30.1 0.18 pink

Box -36.0 -48.5 -24.0 10.0 3.0 7.0 112,85,62,255
CylinderEx -38.8 -46.45 -24.7 -38.8 -45.55 -24.7 0.06 0.04 5 darkgreen
Sphere -38.8 -45.35 -24.7 0.32 pink
CylinderEx -38.4 -46.45 -23.4 -38.4 -45.65 -23.4 0.06 0.04 5 darkgreen
Sphere -38.4 -45.45 -23.4 0.28 yellow
CylinderEx -37.4 -46.45 -24.7 -37.4 -45.55 -24.7 0.06 0.04 5 darkgreen
Sphere -37.4 -45.35 -24.7 0.32 pink
CylinderEx -37.0 -46.45 -23.4 -37.0 -45.65 -23.4 0.06 0.04 5 darkgreen
Sphere -37.0 -45.45 -23.4 0.28 yellow
CylinderEx -36.0 -46.45 -24.7 -36.0 -45.55 -24.7 0.06 0.04 5 darkgreen
Sphere -36.0 -45.35 -24.7 0.32 pink
CylinderEx -35.6 -46.45 -23.4 -35.6 -45.65 -23.4 0.06 0.04 5 darkgreen
Sphere -35.6 -45.45 -23.4 0.28 yellow
CylinderEx -34.6 -46.45 -24.7 -34.6 -45.55 -24.7 0.06 0.04 5 darkgreen
Sphere -34.6 -45.35 -24.7 0.32 pink
CylinderEx -34.2 -46.45 -23.4 -34.2 -45.65 -23.4 0.06 0.04 5 darkgreen
Sphere -34.2 -45.45 -23.4 0.28 yellow
CylinderEx -33.2 -46.45 -24.7 -33.2 -45.55 -24.7 0.06 0.04 5 darkgreen
Sphere -33.2 -45.35 -24.7 0.32 pink
CylinderEx -32.8 -46.45 -23.4 -32.8 -45.65 -23.4 0.06 0.04 5 darkgreen
Sphere -32.8 -45.45 -23.4 0.28 yellow

Box -38.0 -48.5 20.0 8.0 3.0 8.0 112,85,62,255
Box 36.0 -48.5 -20.0 10.0 3.0 7.0 112,85,62,255
Box 34.0 -48.5 24.0 9.0 3.0 8.0 112,85,62,255

Sphere -14.0 -49.2 24.0 0.6 pink
Sphere -12.5 -49.2 23.2 0.4 yellow
Sphere 10.0 -49.2 -24.0 0.6 orange
Sphere 12.0 -49.2 -23.5 0.35 pink
Sphere 24.0 -49.2 18.0 0.55 255,0,255,255
Sphere -2.0 -49.2 -10.0 0.45 yellow

Box -30.0 -24.0 -16.0 20.0 2.0 12.0 108,124,86,255
Box -12.0 -32.0 -10.0 12.0 2.0 12.0 116,132,92,255
Box 4.0 -40.0 -2.0 10.0 2.0 10.0 108,124,86,255
Box 22.0 -48.0 8.0 18.0 2.0 14.0 120,138,96,255
Box 24.0 -34.0 -6.0 16.0 2.0 10.0 112,130,90,255

Box -30.0 -22.8 -16.0 14.0 0.18 8.5 0,228,48,51
Box -12.0 -30.8 -10.0 8.5 0.18 8.5 0,228,48,51
Box 24.0 -32.8 -6.0 10.5 0.18 6.5 0,228,48,51
Box 22.0 -46.8 8.0 14.0 0.18 10.0 0,228,48,46