Cattttt
0.0 -38.0 6.0
18.0 -32.25 -2.0
-22.0 -23.0 -4.0
ComputerSize 2.0 1.5 1.5
DoorSize 4.0 8.0 1.5

Box 0 0 0 100 100 100 0,0,0,89
Box 0 0 0 200 200 200 230,41,55,46

Plane 0 -50 0 100 100 196,224,186,255
Plane 0 -49.9 75 100 50 186,214,176,255

Cloud -30.0 0.0 -30.0
Cloud 0.0 6.0 -20.0
Cloud 26.0 1.0 -34.0

ToriiGate 4.0 -50.0 -48.0

BackgroundBlossomTree -42.0 -50.0 -34.0 16.0
BackgroundBlossomTree -8.0 -50.0 -36.0 18.0
BackgroundBlossomTree 24.0 -50.0 -34.0 17.0
BackgroundBlossomTree 44.0 -50.0 -22.0 14.0

Lantern -6.0 -50.0 -8.0
Lantern 8.0 -50.0 -18.0
Lantern 24.0 -50.0 10.0
Lantern -30.0 -50.0 10.0

PetalPile -20.0 -49.2 -8.0
PetalPile -4.0 -49.2 4.0
PetalPile 14.0 -49.2 2.0
PetalPile 28.0 -49.2 -4.0
PetalPile 34.0 -49.2 12.0
PetalPile -36.0 -49.2 0.0

Sphere -34.0 -48.5 18.0 2.4 120,110,118,255
Sphere -30.0 -48.8 21.0 1.6 120,110,118,255
Sphere 40.0 -48.6 16.0 2.0 120,110,118,255
Sphere 43.0 -48.8 13.0 1.4 120,110,118,255

Box 0.0 -40.0 6.0 8.0 2.0 8.0 115,108,112,255
Box 18.0 -34.0 2.0 12.0 2.0 8.0 115,108,112,255
Box -18.0 -28.0 0.0 12.0 2.0 8.0 115,108,112,255

Box -26.0 -14.0 -10.0 6.0 2.0 6.0 pink
Box -32.0 -14.0 -10.0 6.0 2.0 6.0 pink
Box -20.0 -14.0 -10.0 6.0 2.0 6.0 pink
Box -26.0 -14.0 -4.0 6.0 2.0 6.0 pink
Box -26.0 -14.0 -16.0 6.0 2.0 6.0 pink

Box -26.0 -21.0 -10.0 4.0 14.0 4.0 darkbrown

Box 34.0 -32.0 -2.0 4.0 14.0 4.0 darkbrown

Box 34.0 -23.0 -2.0 6.0 2.0 6.0 pink
Box 28.0 -23.0 -2.0 6.0 2.0 6.0 pink
Box 40.0 -23.0 -2.0 6.0 2.0 6.0 pink
Box 34.0 -23.0 4.0 6.0 2.0 6.0 pink
Box 34.0 -23.0 -8.0 6.0 2.0 6.0 pink

Box -18.0 -27.6 0.0 13.5 0.3 9.5 255,192,203,38
Box 18.0 -33.6 2.0 13.5 0.3 9.5 255,192,203,38

CatInBox -26.0 -10.5 -10.0 white
CatInBox 34.0 -19.5 -2.0 orange