Miniature Willow Pond

-38 -40 18

BOX 0 0 0 100 100 100 0 0 0

PLANE 0 -50 0 100 100 126 176 124

BOX -36 -42 18 14 2 18 105 118 112

BOX -20 -38 12 10 2 6 128 114 96
BOX -8 -34 8 10 2 6 128 114 96
BOX 4 -30 4 10 2 6 128 114 96
BOX 16 -26 0 10 2 6 128 114 96

BOX 30 -22 -2 16 2 18 105 118 112

BOX -10 -46 -14 5 1 5 112 142 104
BOX 2 -46 -18 4 1 4 112 142 104
BOX 14 -46 -14 5 1 5 112 142 104

COMPUTER 30 -20 3

DOOR 30 -17 -9 4 8 1.5

SPHERE -18 -47 8 1.2 98 150 88
SPHERE -10 -47 -6 1.0 98 150 88
SPHERE 0 -47 12 1.3 98 150 88
SPHERE 18 -47 6 1.1 98 150 88

CYLINDEREX -28 -47 18  -28 -44.5 18  0.07 0.05 6 0 100 0
CYLINDEREX 26 -47 -16  26 -44.5 -16 0.07 0.05 6 0 100 0

CYLINDEREX 0 -48 -20  0 24 -20 4.0 4.8 14 108 76 56

SPHERE -4 -18 -12 0.5 255 255 180
SPHERE 5 -19 -17 0.5 255 255 180
SPHERE 10 -21 -6 0.5 255 255 180

BOX 0 -47 28 74 2 3 118 86 56
BOX 0 -47 -28 74 2 3 118 86 56
BOX -36 -47 0 3 2 56 118 86 56
BOX 36 -47 0 3 2 56 118 86 56